11113

111111 11111 1111111111 noo 111111111 111,

1111111111111, 16 111111” 111, 43

mmlx 111

Vocatur 11 23

Voootuo' 11, 23
1111111111’1111,3.”11,6. 11120

1111111113.1,14.111,17.30.1111,.9 1111111,.11,19.1111,..11011,28.

111, 30. 33
11111111111 operum 11111 32
Umbo 1111111116111 1, 39
1111111111,14
1111131113. 11143
Umbroeulo 111, 13
Umbnoulum 11, 13
Umbram xii, 31
1111111111 1119
111111,11.11,3.1,.10 14

’ 1111111 1111111

1111111 (11111111, 19
11111 (111111111ιί, 39
1111111311
1111111111 111, 37

Undarum 11111111 11, lt

11111111 111, 3

Unde 112. 13. 1111. 11, 14
Undoouuquo 111, 36
1111111111ἰί, 3. t. 111, 16. 11, 18

Uul 11116. 11, 2. 34

Unicum 114

11111111111111 111, 9

11111 epistolis xi, 9

11111111 314

11111111111, 8. 1, 9. 30. 11, 1.9. 114.
111, 33

1111111111 ii, 3. 11, 13

1111111111 119

1111111111 (sing.) 19

11111111111110. 1,13

1111111111 11, 3. 1119. 11, 3

11111111111111 x, 12

Universos vii, l. xi, 10. 1113

1111111111 111, 8. ix, 18

11111111, 16. 11, 14. 111, 13

1111111,3.10.13.11,3

11111111113.111,13.14.11,13.1,11
1111111111111111113
11111111110.1111,12
11111111111111,3. 1130
Vobio’' 11, 1. 9. 10. ll. 1, 20
111111111ῐέ111111111 ·
1111111111,14

Vocabatur 1119
1111111111ῑώ
1111111111, 18. 1113
Vocomuo xii, 10

Vocant 111, 13. 1133
111111ῑί1111 11117

Vocare 31. 11119 ‘
Vocatetxii, 16
11111110

1111111111Ῑῦ ,

111, 11. 47 gloriov, 3

1101111111,6.10.13. 11, 9. vii, 23.
mwmu.mwflu

1111111111 11, 13

V 0111 1, 26. 31. 11, 3. 6. 111, 3. 33

1111111119

Vocibus 11, 1. 1, 30

11111113. 111,1.6.1,1

1101111111 111 19

1111111111, 13

11111111111111Ι 11, 8

Voluttoo Parthorum 11111111, 5

Volotuoxil. 39

Volobuu 1, 13. 11141

Volobot 11, 14

1111111111 111, 13

Volentibuo 11, 9

17111111, 31

110111111111118

1111111, 3. 11, 13

Volvuntur 111, 21

Volubiloox, 1

Volucrem (oubot 111, 13

111111111(1111)111811,.1 1,2

Volucrlo dirorum alitum 1111111, 3

volvebat 1118

11111111οοΙ 11, 17

volventibus iii, 3

Volveutium 1111111111 1, 3

V oluomut 11, 4. 1. 11, 10

Voluisse 1130

1111111111111

Voluisoeo xii, 43

voluiuotv, 9

Voluisti 113. 9. vii, 3. 11,.3 18. 36.
111. 111, 13

1111111113. 11,.8 111,.1.13 1111, 4.
11,16.1,.32111,9.13

111111111114

1111111111

- Voluntaria viii, 9. 11141

Voluntarium vii, 14

’ voluntarius 111, 43

Voluntas iv, 21. 1, 30. x, 13
Voluutoto 111, 17. 30
Voluntatem 1,9. 19. 30
Volunootoo 11, 13

voluntatibus 11, 33

Voluntatis ii, 3. 11, 11
Voluutotum 1, 14

Voluptoo 113. 111, 111. 19
Voluptate 11, 11. 14. 1, 3. 31. 33. 33
Voluptatem 1, 17. viii, 9. 11, 33
Voluptatibus 11, 4. 11, 13. 13 -
Voluptotls iv, 9. 110

 

