1 ,11111111 rrv

8111181111 111114 Principcr iv,l. 1, 8. 111, 4. 11, 6.
Prccxrirvniburi,l 1111,1.8.111111,.8 xxxix, 8. 11,4.
8111111111111,1.1111,8.1111114 111,8,1111,1,,1111.11111,.4 18.
1111111117, 1111,8 11118,.8 11118. 111118. 111,8. 11111,
Prccer 1118 l. 6. lxiv, 6. lxviii, 8. 8 7. 111111, 8,
Precibus 111811118. 11111, 8. 1111,8,11111,8.111111,8.11111111.

lxxix,6 1.11,8.111,8.11111,8
Precorxxxiwl 11111, 8. 11111 Principii-6 11,.8 11,.8 1, 8. 11, 1.
Ρ1111111181111111118 11,4. 1111, 8. 111, 1. xxviii, 7.
Prrmcrc 1117 1111,1.1111,4.11111,8,1111,4,
Panium 111,.811,.8 11.18,1111,8.111,1.
Pretio xiim 11111,8.11111,4,1111111,6.11111,
Pretium 111114. lxxx, l. lxxxvi, 1 7. xc, 6. xciv,2
1811111117. lxxvi, 8. 11111118 Principibus ii, 6. 111,8. 1111, 1. lxiv, 1,
Primi 11111, 4. 111118 lxxiii, 6. lxxv, 8
Primis xlv, 6. 111118 111, 4 Ρ11111181111,7. 1118. 8. 1, 8. 11, 4.
Ρ111111(11ο11.)111, 8, xxiii, 8 xxiv, 6· 1111,1,8. 111111. xxviii,
Ρηιιιο (1111)11114 ¹ 4. xxxii. 8. xxxvii, 8, xxxviii, 8.
Ρη1111111118 111,1.1111,8, 111, 6. 111116. xlix,
Primum 1111,)1,.4 11111,1.1111.8 88. 1,8,7. 11, 8. 8. 111. 8. 111. 8.
Primum 181.) 11, 1.1111,1, 111118, 11, 7, 8. 1111, lx, 4. 1111, 8, lxvi, 1.
· xlv, l. lxv, 8. 1111, 8, 11111,7.111111,6.111,4.1111,.8 lxxiii, 8.

lxxviii, 8, 11111111, lxxxv,⁸. 1111118. 111114. 8. 6. 11118.

11111111818, xciv,6 11111,6.111111,8.11111111,8.11.
Ρ111111111,8. lvii, 811118 811118
Principclcclxxix,6 Principum'' ιι, 6. 7. 11111, 4. 1111, 8.
Principxlcxcopiaelxxxii,6 xxxiv, 8. 11111, 8. 1111, 6. 1111, 8,
Principvlibux 11111111, 7 111, 8. 11111, 8. 111, 8, 1111, 8. lxxii,
Principalilexvia 8. lxix, 6. lxx, 7, lxxi, 8. 11111, 4.
Principrliter xlvii, 1 1111, 8. lxxviii, 8. lxxxiii, l. lxxxv,
Principaliuxnxxxvi, 8 l. 6. lxxxviii, 8. 111, 1
Principctrrvi, 1. 111, 8 Ρ11111111,8
Principatui 111114 Ρ11111111111,111,8, 11111, 8. 111,
Ρ111111111111111111μ1 11,8 1.1,.8 11116
Principrtux xxi, 8. 11111, 4. 111, 8, Ρ11111111111, 1

1111,1.1111,1.8 Priona 11111 1
Ρ1111111111,8.11,,8 111,.7 xviii,.6 Ρ11ο11111111,7.11111,,1 11,.8 111114

1111,8.1111,.8 111118111111. Ρ111111111,1.111,8

1111,8.111,.4 ι111,8.11111.1,1,.8 Priscum mortalium gorius lxxxvl

11,.8 11,8. 111,8 1111,.4 lviii, 8. Ρ11111111111,4

111,8.11,.8 111, 8. 11118 lxxi, 8, Ρ1111111111111,8

lxxiv, 4. 1111, 8, 1111118. lxxviii, 8,Ρ11111111111111,6

lxxix, 8. lxxxv, 4, lxxxvi, 8. 4. Ρ1111111111,8. 16

lxxxviii, 8 Privatim xc, l
Principe i, 6. ii, 1. 8. vii, 8, 4. 11,8. Ρ111111111111,8, 116. 1111, 8, 111114,

11118. 1111, 4, xxxvi, 1, 4.1111, 6. 11,4. 11111116

111, 6. xlvi, 7. 111111, 8, 1111, 8. Ρ1111111111,8. lix,6

liv, 6. lx, 6. lxiv, 8. lxvii, 6. lxviii, Privatorurrr lxxxv, 1

8. 1111, 8, 6. 111,8, 1111, 8111118,- Ρ111111111,4.1111.8

lxxvii,.6 111111811111111, 8. xciii, Ρ111111111111111, 8. lxiv, 4

1. 1111181114 181111181111111.1111

8111111114, 114..7 11,,8111, 18 11111,.811,8
11,.8 111114. 1111111,.1 11114. Ρη1111181111, 8. 111,,4 11111, 6.
xliii, 8. 1111,.8 111,8 16. 11111118, lxxvii,.l 11111111,8,111,8
11, l. 111, 1. 111,8. 11,8. 1111, 8. 4. Pro vr,6. xv, 6. xx,6. 1111181111.
7, 1111, 1. 4. 111, 8, 11111. lxxiv, 8. 11111, l. xxxvii, l. xxxix, 4.111, 4.
11111, 8. 8. lxxvii, 6. lxxviii, 4. 111,4..11111,8,4.6.8.1111118.111,

111, 8 4. xciii, 8. xciv, 1. 88

 

