1111911991 1111119. 11

eandem xii, 99 99111919 11, 9.,19. iii,15. 111119.
caudam 1111 9.14. 111 9.9. 9. 111, 4. 9. 47
(11199111119. 1, 4. x, 1. 98. 11119 Genti· 11, 19. vi, 4. 7111919. 1119
9119919919 11, 9. 99 Gentium ii, 1. 9. 14. iii, 9. 19. 11, 99.
Gaudentium vi, 1. 119 V, 4. 9.14. 19. vi, 9. 11. 11. 99. 1,
Gaudeo iii, 1 99. xi, 9. 1119
9111991911, 19. xii, 19 Genu 11, 7. 99
9911191911, 99 Genu· 19
0⁸11th it, 2³⁴ ²⁶· Ι, ⁴· xi. 15 Gemuit 711, u
91191111, 7. 11, 19. x, 97. 1199 9911199
(studiis V, 180 9111999 149 31 2· Χ11, 69119118116
91 emmiu, 1. 11119 1199
Gaudio 111, 7. 19. 11. 19. 11, 9. 19. Geram xii, 44
1,19. 11, 14. viii, 9. ix, 7. 1, 99. 99119111 1, 99. xii, 17
99. 111, 19. 97. 49 Germ 1,7
99191999911.9.1,1. 1119. 97 Germanii, 91
9119991,19.11,ι.19,1.91 9919αά9991114
Gaurano 4 99191111 1, 14
9911111117 ’ (191919191114
Gelu vii, 9. 11. 1, 99. 1199 99191919 11, 9
99991911, 19 991919 x. 19. 99
Gemina (nom.) ii, 19. 11191111 9919199 1111
Gemino 111, 19 (1911191 1, 4
Geminam& Germana (plur. 11, 19
(1991191911 iv, 11 9919111(ρί11. 1119
9991111911, 11. 11111 99191111 11, 9. 114
9991111119 111, 91 , Germaniam 11, 7. 9. iii, 19
Gemini ii, 19. 19. iii, 1.9. 9.19 Germanica (plur.) 11, 9. iii, 9
Gemini· 1114 Germanicum (adj.) 11, 91
Gemino (nom.) iii. 9. 19 Germania v, 9. 11, 91
99911991, 19. 111 99 9919191991, 17
Geminum 1117 Germanorum 1119
Gemi· 111 99 « Germanos viii, 9
Gemitu vi, 9. 11, 91 9919911, 9 1
Gemitus (plur.) 1, 99. xii, 99 9919111 plebeia 119
9991111119 1, 99. 1114 9911111114
9991199111, 49 9911111111, 11. xii, 47
Geminis 11, 9. 1199. 19191919. 9919119991ιὶ 1, 14
44 vitium 1,9 9919111991ιῦ99
Gener 11. 19. 14 acuerant 11, 19
99191911, 94 (1991919 v‚5
9919191111114, 9999111119
9911919111, 19. 11,1. v, 1. xi, 99 99111119
Generi ix, 4. 99. 119 emisti x, 9. 11, 9. 1119
9911911911, 1.9. 7. iii, 9. 19. iv, 9. ν, Gessit vii, 4. 11,9
19. 199119 ix, 9. 11111. Gesta (1991119115. x, 1ο. 111.
199199. xii, 99 xii, 9. 44. 47
Genera 111, 19 9991911, 91. 1, 99
Generum (9199.) 111, 19. vi, 9. 9. 999999119199
(1911.)119 9991911111 11, 19
9911119199 1117 Gestarum 94.1,19.117.111,47
Genitos 1119 999199991119. 11,1
9999110111, 19 . 9991191119 1197
991911. iii, 7. 17. v, 9. 1111919119 9991191111 11
11, 99 99911191 118 ,

9991911, 19 · 991111(199.)111,7. 1,19.97.1191.
Gfflm ⁷· 111916· 179 9,189 91119 ²· Ι, Xii, 11

’19. 99. 11, 9. 11199 99991111,19.1111,1 ,
Genti 1194 9911111111.19

 

