ix'xxiv

011101111,19.11,9.14111,11.1,.4
9..1494. 114. 1119149 49 44
11111111111, 44

01111119

0411111111, 10

01111 10. 11, 4. 111, 48
01111114

odiis 11111. 1111, 4

odio xi, 18. 41

0111111 111, 99

01111111, 14

0111111111,91.1111,1411194

01111111. ι, 49

0411111199

0111111111 accensis ii, 4

09114111111,4

0411410114

0011111111 1, 98

0411111111110 ·

01111111111191

04111111

0111111111 11, 9

041111111111,91

offeretur 1114

04111144 1

01111111, 10. 11, 4

0411111111, 44

0111111111 11 94. 1, 4

01111υιι,1.11.111,111,1..1 111, 90.
94.11,.9 14. 1,11. 114

, 0011111117

0911111111 14. 111, 94. 1111, 11. 1, 44
1149

0411111111. 111,11.11,.4101,9.
1111,9.1,14.18.11,4

0411111111,14

0411111111 1111 4

04111111111,1.11,1.9. 99 991119

09111111 1, 11

0111111714· 71316181 η· 16· 191 Vi, ²

oliveta viii, 14

011111111199

0111194

Omen 111, 91. 11, 91. 11, 49

4111111111. 19

0111111119

01111118

01111111 1119

Ominum 1,19

0111111114,1.11,4 ¹

Omitto 1114 “

0111111, 9. 11, 4. 94

0111111111 9. 111, 14. ’11, 14.1 1, 4

01111111, 9. 4. 4. 111, 1.4. 4. xi, 14

Omni ii, 9. 19. 1114. 6. 19 ι

Omnia ii, 9. 4. 1. 4. ll

omnibu iifl· 01 ll· lii. iii, l

Omnino iii, 14. 1, 4. 14

11101111 141 ’ “

01111111114.11,.81,11.1,4 ”

0111111111,4.4.1.9.19.111 4.11 9

0111111111, 19

01111111 111, 94. 41

0111111111, 4

0111111111, 14

onerata 1111, 11

01111111.1,8.111.0

01111114

011111 11, 41

0111111111, 97

Onerosior, ib.

0111111111 111, 94

01111111

0111111111 19

onustos xii, 44

01111111. 14. 1111, 4. 11, 9. 91

01111111, 19.1,1.11.4 111991111,
11. 1,14.19.94. 11, 1

0111111411.11,11.14,91.1,4.
11, 94. xii, 40. 44. 41

01111114

0111111111, 98. 11110. 44. 49. 40

0111111111 111, 4

0111111111 11, 19

0111111119

01111111,4.14.1,99 1119

ορ1111111ι114 ’

01111111, 99 animos 1111111111111, 14

0111114111, 44

011111111199

011111111.11.11.1ιῑ,11.ι,1.11

ορ11111111111191.41

0111111111, 19

0111119113.) 111,11.(11111.)11, 14.
1,.4 11,1111111111111,1

01111111, 94 ’

01111111114

011111111111

01111111“111,.44.4.111419111,
M.m,w.u Δ

0118111 11, ,9.411, ,.19 111, 14. xi, 91. 94.

111

01114111”1114.11,4.1.14“.111110.11,
9. 11, 41. 49

01111114

01111111ιί11

0111111111, 11

Opinio ii, 1. v, l. 14

Opinione iii, 10. 111, 0

’ Opinionem xi, 17

Opinioni iv, 9

0111111119

Opis viii, 1.9

0111111111 1,14 ,
011111111ιί1, 1

011111111111, 19. 11, 4. 14. xii,7
01111111119.14.11,1.111,91

. 01111111111,49.1111

 

