m rum· 111 -

111111111111,14. xii. 48 1111111111 117
111111111111117 Ι)1811111111,1
1111111111111111. 88 11181111 rii, 88. 1111, 18. 11. 11, 81. 88.
11811111, 14. 11, 4. 8. 1118 11118
Decipi 1,11 , 1118118181, 18
1111111111 111, 18 Dedit 8. 11. 118. 11. 1118. 1, 88.
111111118111111, 88 11, 88. 88. 111, 4. 87
1118111111, 888 1118111111 11, 81
1111111118, 8 1118110111. 18
1111111111111,8 1118111111,18
11181111811 1118111111 11118
Deci-ratione 1117 1118111 11, 18
Declaratur 111, 18. 1114 Deducit iii, 8. 1, 87
Declaratur 11, 19 11181111 1, 81
111111111111111111, 8 111811111111, 8
111111111 1111, 18 1118111111111 8
11111111111111 18 Deduxit 1, 87
1111111118111,8 11111111 1118
11111111 xii, 84 1111111111, 18
1111111111118 11111111, 4. 14

. 111111111118 Bormum 1, 88
Decumo 11, 18 ι Defarigrbrnt 84
1111111 1, 8. 111, 8 venerabili· 11, 8 111111111111, 18

membrorum 111, 17 1111111111 11, 81

1111111118 1111111111111188
necarentur 111, 44 Defenderam ix, 11. 1, 88
11111111 1, 88. 84. xj, 89 1111118111 11, 8. 114
Decrescere 11111 11111181111111, 88
11111111 (1111111111 14. 11, 7 111111ᾶί111 11, 18
1111111111 11114 neronum 11, 8
111111111111111, 84 Defensio 11187
naeu· 1, 14. 1, 1. 8. 88. 84 1111111111111,7
1111111111 111, 48 1111111811111 1, 87
111811111 1188 111111181111 111, 18
Dedecori 1,“ 88 1111111181111111,·88
1118111111, 8 811111111181
1118111111 11118 Ι111111111118
1118111111 1111, 18 11111111 18
11181111 111, 14 Defertur 11111
Dederat ml 1111111111 118 1118111 1117
Dedere (118.) 111, 18. (111.) 1, 8. 111, 8 1118111181111 xii, 8
1118111111 11, 7 1118111111 111, 18
1118111111, 8 1118111111ίὶ1, 18
1118111111,17 1111111 (plur.) 1118
11181111 111, 18 1111111118
1118111111 viii, 8. 1, 88 1118111111 11117
1118111111111, 88 11181111111,-1
1111111811.) 11, 8. 88 11181111111111181111111 8
111811111111,8. 18 , 11181111111111, 81
111811111111,-88 · 11181111 diversissimus iv, 18
11181811111, 88 1118111111 magnitudo 1111111 mole r, 8ο
111818111111111 “ 111118111 xii, 88
1118111111ἰηί 1114 1111111111, 18
Dedignatur xii, 88 · Deforme 17. 11, 8
1118111181 7 Deformem (11111.) 11, 1

Dedignm (11111811 111111111111,8
11181111111111,88 “ 1111ο111111,8.18
Dedisse ii, 1. 11188.Ι 87 11111111111111,8 ,
vedimur xii, 88 111111181111, 14

 

