111111111111111 1111111111. 111111

111111 111, 8

1111111111 111, 18

risio 11, 6. 1, 8. 11, 1. 11,16.16.1, 1111111111 111, 81

11. 111, 16. 19
1111611111,9.1111,18
1111111111, 16. 11

1111111111 11, 1
1111111111 11, 11
1111111116 1111161118

1111111111, 14. 11, 8. 8. 14. 111, 4. 1, 86. 1111111111 spei excitum 11
1111111(1111.)11,4..(111111)111,9.1111

111, 6. 18. 81

Filius 11, 18. 14. 111, 19. 11,4

1111111111,1.14

11111111,81,18.11,4.18.111,.911,1111111111

me.w
1111111111 16. 111, 41
1111111,16.1111,6.11,14
1111311161 111 11
11111111,18.111,6.81
1111ς11111111
111311111111 11111
1111611111,11
11111111, 88. 111, 89
Finitiuiae' 1111, 8
1111111111 xii, 46
11111111 111,9
Finxere 111, 89
11111111148
1111111111ιί1, 14
Firmis (verb.) 111, 81
11111111111,1
1111111111 111,1
Fimavem 11,9
Firmior 1,8
Firmissime xia
1111111111111014
11111111111111111, 19
1111111181116
111111111111,19
111-1111111111 11, 8. 111, 18
Firmum viii, 11
11111111 111, 16
1111118. 11111
1111111181
11111, 9. 11, 19. 11, 11
1111118111,16
1111111118
1111111111111, 11
1113111161, 81
Flagitare 111, 18
111’1111111111
1118111111
1111111111, 11 ,
Flagitiis ix, 16. 11, 6
1111311111, 89. 41
1113111111 1,14
1113111111 viii 14
Flagrans 11 9
11ῳωῆοηι,11
11111111111116 111, 18
flagrantissimas cupiditatem
1115111611111118
1115111111, 16. .1.,11 11,81
1113111111, 11

1111111119

1111111111, 19

1111111116, 16 poplitem· 111, 41

1111111111, 19

Flamniiiis

1111111111, 9

11111111, 8. .111,18

11111111 111, 46

1111111111,85

1111111111,

1111111111, 14 “

11111111, 4. x, 88

1111111111, 6. 111, 18

Florem, 19

1101111111ιί, 18

1111111111” 11, 14

Florentia viii, 1. 14

111111616111111,4

11011111111, 6

1111111111, 81. 111116

110111111111, l

1101111111,8

Fluxa

Plutonia· 89

1111661111, 8. 1891. 1,1. 11, 11

1111111111 11, 16

Finem! ii· ¹2· 1, Μ· 11, 12· vii, ⁶021·
1, 89. 88

1111111111,11

1111111111 111, 14

1111111111 1111, 11

Pluere 11, 6. 1,19. xi, 10

1111111111 xii?

111111811111

1111111111“11,11.111,1811,18.11 111,
11.11111.11,18.111,.1886

8111111111,1.111,.611,16

Flumine bicorni greges 1111111111
(Rheno 1111111111)” 111, 11

FluminibusQ 89

11111111111,9.18.11,1. 111,114

Fluminum ii, 11. 111, 6. 11, 89. 1,18.
111, 4. 88

Fluviorumxi‚6

1111111111, 11. 111, 84 ·

Flavius 11,11.111,11.11,11.111,

1111111111, 18

11111111111111

1111111111, 16

 

