cxxviii 11111 ns

9111111911 1, 19. 114. 11119 Vssu'giun 1, 9. xii, 99
Verecundiam 11, 19. xi, 99. 111, 17 9111111 11111
verecundo· 1111, 11 Vestis 1, 19. 11111
9111111111111,17 Vestitus 1119
9111191 1, 9 Vestitum (11911.)49
Verendum 14 Vestitus (11911.) si. 99
Vmor 11, 19. 91 911111111199
911111111, l 911111 ii, 1. 11. 14. 1119
Veteris, 19 9111111119. 11. iii, 1.4
9111 1, 19. 11, 94. 1119 9111111111 9. iii, 9. 19. 14
Verior x, 1 9111111111, 1. v,1.s
91111 (11911.) 11, 19. 11, 19. 11, 91 9111111111, 4. 9. 19
Verissimum ii, 9 Vestri 111. 7. 9. 19. 11
9111111 117. 1117. 1, 4. 1199 Vestris 11, 11. 111, 9. 4. 9. 9. 7
veritato iii, 9. x, 15 Vestro ii, 19. iii, 1. 14
Veritatem 11119. 1199. 1114 9111111111 11, 9. 19. 111, 9.9. 19
911111 1, 9 9111111 11, 19. 111, 7. 19
, Veritus 11119 9111111111,4.111,19.11

Verius (uum.) 11, 19. (111.) 11, 9 9111911111 xii, 99
9111111119 911111111,91.1111,9.4.11,91
9111111111,91111111111111,19 Vetere 11 19. viii, 19. 1194
9111(1111.)11, 9. 9. 19. 19 9111111111,19.1194.99
9111111119. 1,99 9111111119.1,19.11,9.19.111,9
9111111199 91111111
91111111111111,9 Veteribus 19
91111911111,19 9111111111 1119
9111111919. 11, 19. 91. 11199 veterum ii, l. iii, 9. 11, 9. 19. 19. 1,
91111191 1119 99
Venustus 1111 Vetuit 1, 99
9111111111 91111991119
9111111111 14. 11, 19 9111111 11 19 “
Versus (verb.) 1, 19 Vetusius (11911.) 1,11.19. 99. 1119.
9111111119 17
9111111(1(1]“.) 11199 Vetustate ii, 9. viii, 4.6
Veneremur 11, 19. xii, 99 9111111111 11, 19
9111111 imperii 11, 14 9111111111, 19.
9111111111, 9. iii, 14. 111, 9. 1, 99 91111111 1, 9
Vorticibus iii, 19. 11, 19 stsri ¹i.5
9111111111 19 9119111111 1111111111 xii, 99
Venisset 14 9111911111 latrocinii 1, 19
Verum (1οι1.)11, 1. iii, 9. v,¹ 19. 111, 9. 911191111199

11, 19. (1111.) ii, 7. vi, 9. 1, 99. 99 Vexillum 99
Vm 11111111. 1.,1. xi,1 vi ii, s. iii, ιο. ix, 1. x, 1. 11. 11 11.
Veruntamen 11, 99 99
uerus 14 1111111. 11. ιο. 1111. 11111
9111111, 99 Viae 119. 11199
9111111111, 19 9111111,9.119.7
9111111119. . viu 111, 9. 11117. 9. 1, 9. 94. si, 19.
9111111, 4 · 11199. 97
9111111111111111111,91 9111111111, 19
Vestalium 11111 purior 11 19 91111111 19
91111111, 97 91111111 11, 99. 111, 91
911111 11, 1. 1119 vice ii, 4. 1119. 11, 19. 11, 19. 91
„Vestibulum Visum 111 14. xi, 9. 99. 99
vestibulo 1,9 9111111111,9
9111111111, 9. 111, 4. 111, 99. 1, 98 91111119
Vestigiis 119. iii, 4. 9. 11,17.19. 1, 9111111 11,7

19.111,19.99.11.47 Vicerat 1, 91
91111111 xii, 99 Vicere iii, 19. 119

 

