mammos 11110110.

0111111111, 11
Experiamur v, 14
111111111111,1
ἔξω-11011111ιηθ 111, 10

11101111

111111111ῲά111 1111111· 111, 17

1111110111,1
0111ε11111111124

1111111111,10.11,0.11,10.111,0
1111οῲ11111, 11
1111111101(111)1111111111111,10
mmm
Expertes 00
11111111111,11
11111111011111, 00
Ε11111111111,1
111111 1111111111, 10
1111111111 1,11
1111111111111, 40
111101110111
1111εο11117. 111, 10
111110111111,21
1111111111111 0
1111111111111,10.111,7
Ε1111111111111, 10
1111111111, 01
11111101 (nom.) ix, 10
1111111101 111, 10
1111111111111, 10
111111111111111. 1, 01
1111111111, 1
0111111111, 11
Ε11111111011111,0
11111111111,10
1111111111ηο
1111111111 111111 1,10
Exploratis (1111. )'' 111, 10
0111111111ιί1.. 10
1111111111 viii, ll
Ε11101111111111
0110111111,- 14
Expositi 11, 10
0111111111τί 111, 11Ι
1111111111
0110111111, 0
Ε111111111110111,Ι 00
1110111111, 01
Ex 1111111101111111, 20
1111111100, 0
&pugnum (plun') 11, 4
1111111111, 00
numiano 1,11
11111111101111,10
⁴ 111111111ᾱί1 1111, 4

11111

1111111011
1111111111 110
1111111111 11,0
111111 111, 10
1111111, 1. 111, 07
1111101101 111, 00
Extenderem
1111110111, 0
111111011111,20
111111111,10111,21
Ε11111111111, 10
0111111111, 21

· 111111111Ιο

1111111111, ib.

11011111, 0. 11, 10. 111, 40

111οπ1111 11, 10

1111111111 11,0

1110111111 111. 00

0101111111 1,0

0101111111 11

0111111111117

0111111111 1⁴ ⁴

111011111111, 10

1111ῖο111111, 0

1111111111ῐί1, 10

11111111111110

Ει11111111111111(11111111111111) 1,0 ·

1111111110 1111, 14

Ε11111111111, 01

1111111111,00.11,10

Ε11111111011,14.1,0111,11

Ε1111111111111,10
11111111(11111.)111,10. 1111111111

Extremum 14

’ 11111111ο111142

Extrinsecus 40
Extulmt 1, 10
1111111111 1, 10
1111111101 111, 10
1111111111 11, 0

1111111111 111, 40
1111111101 11, 11
Exulem 111, 10
1111111111).

1111111111ᾱί (ger.) 1, 1
1111111111 10
111111111111,10.117
111111111οα11 1, 1
Exultat 11

1111111111 11, 10. 11, 10
1111111οο11 1111, 0. 1, 01. 111, 07
1111111111 11, 10. 111, 10,
1111011111 1, 1
111111 11, 21. 111, 10
1111111 111, 10

11111111 10

11111111 111, 10

 

