1111111111101111111111.

Deinde iii, 8. 8. 11, 8. 8. 1111, 8. 11, 8
1111111111 1, 18

negti (sing.) v, 1. (18111, 1. 11,

1111111111111, 1’
Delatorem 111, 25
1111111111 28
11111111 11, 81
venatum x, 18
111111111111188
Delectant 2
Delectat 111, 12
1111111111 111, 7

' 111111111111,8’

11111111 1118

111111111111,8.1,8.12. 11,8.1,82.
11, 21. xii, 8. 82

1111111111 111, 18

1111111111 propriu· (peculiaris 11111)

11,

111111111111 11, 2

1111111111 11, 8

Delegnt 1, 81

1111131111 curn ix, 2

1111111111 11, 1

Delego 11, 18

Dolore 11,18

Deleri 1, 17

1111111 (sing.) 111, 2. xi, 1

11111111 (11111.)1, 8

11111111 111, 2

1111111111 11, 12

Delium 1111ιί111 1,11 ,11111111 1111·
cipis 111111 111, 18

1111111111 (plur.) 11, 18

11111118118111111 xii. 11

111Ιί111111 18

mi

11111111 11, 11. 21

11111ἰά11111 81

nonen xi, 11

Deliciis 111, 8

1111311111 11, 28

11111ςί1 1, 88

11111111111111 11, 28

1111111111111 11, 11

111111 11, 18. 111,1

Delubra vii, 22. xii. 81

11111111 1, 18. 11, 1 '

1111111111(11111.) 1, 12. 11, w

1111111111 11, 8. 1, 12

11111111 (sing.) 1, 8

1111111111 xii, 28

nemim 1, 22

Domini 11, 28

1111111111 111, 8 1

111111111111, 18

1111111111111 1111, 2

1111111111 111, 11

11111111111 11, 11

Dummodo upectu 1, 8

111111111ῐὶ1 1, l

1111111 18

1111111111, 8. 18. 11, 1.1.“ 18. 21. 111,
21. 1111,1. 1, 18. 11, 1

1111111111,18

1111111111 11, 28

Denique ii, 12. iim

Ι111111111111,28. 111, 21

1111ιὶ111111 11, 8

1111111111 18

111111111111 111, 2

111111, 8.-11, 18

1111111111 111, 18

Deo ii, 11. 11, 8.- 111, 17. 1,·18. 18.
28. 111, 8. 18

Deorum 11, 8. 111, 8. 1,1. 17. 11, 8.
711, ²0³· 71 141 ,11118 ¹

11111 11, 2. 111, 8. 8. 11, 1828. 111,1.

1111111811 1, 2

111ρί111111 11, 21

1111111111 11,.11

8111111181 111, 8

Deposcimuu 1, 28

Depositis 1118

Deposito v, 11. 11,

Depositorum xii, 18

Depositum 111, 18. 111, ’18

111111111ιί xii, 18

Deproedando v, 8

111111111111111, 1

1111111111, 18 .

11111111111 vii. 18

1111111111· 11121 .-

1111111111111, 18. 111, 11

Deprehendnt 111, 18

 

