, 81311811111131111111111, 88

xxxiv·

87. (1111.)1,.,1181.8. 18. 11118.
1111,8..8 11818. 111888
8111111311111111111, 8
8181111111,17
1111111111, 11
818111811188

0 Differendno

8181111111 111, 8

818111111111111111, 88

8181111188

8181111118. 111, 88

8181181118

818111111111, 18

81811111,8..Ι8111,18.118.111,.1

8181111111· 111, 88

81811111 11, 18 >

8181111111ἰῆ 7. Ι111, 88

8181111111, 88. 111, 8

818111111(11111.) 11181111. (1111.)
’11, 88

818118111111118 1, 88

818118111111,8

Difficillimum 1, 88. 111, 18

818111118111111,8

8181118181 11118

Difficulotibos 111, 18. 11, 11

81811111811111, 18. 11118

81811111811111, 81

81811111 11,1

1181111111

81881111111,18

8181111118

8181811111, 88

Diffugerentix, 11

818111(11113.,)111 18

81811111111, 80

813111(1113)11119.111.8.18.88.
(plur.‚)v 88. 111, 17. 88

8131181111111, 7

8131111118 1,1

8131111111 11, 18

813111 111, 18

81311111(11111.)11, 8. 18

8131181118

8131111111 111,.1 1181118811,

8131181111 1,8
8131111111, 8

8131111111,8.18.11,7.1,18.11117.
81188

8111181188.
8131111111, 18

813111(3111.)11’, 18

8131111111ὶί, 18 , -
13111111881118188111,88.

INDEX 111

Dignitoto vii, 18. 1, 88. 11,.8 18.
111, 8. 88

Dignitfltoffl {122⁴- xii, 16· 218123

8131ιί11111ιὶ1, 88

8131111811, 8. 8

813111111111.11,18. 11111111.
18. 88. 88. 88

81311111 (11111)1ι7 111, 87

813111, 88 ,

8131111118

81311111“111,8.11,18.11,.8 11188.
ω,1.αΜΠ18ω,8

81311111, 81

811111, 88

813118111181

8131181111 111, 18 ,

Dii 111371 ll· V, 51 visto ⁹· 1⁰· ¹⁸·
111, 8. 8. 17. 88. 88. 111117· 13

811111, 8. 1118. 18. 1, 88. 111, 7. 8.
81. 11,8

8111818111, 8

8111311(1113..)1,7 1,8.(11111·.)11, 18

8111111111, 1

8111111111, 88

8111811118

8111111 111, 18

8111111181

. 8111111118

81111111111188

. 81Ιί3111117

8183111118

1111131111 11, 88

81113111, 11

811131188

811131811111, 88

8111311111 111 18
8111311111(111)11.)11, 1. 1, 88. 11, 88
Diligentiam 8. 111, 8
Diligentiores (amantiores) 111, 17
Diligentius (1111. ) 88
8111311111118
8111311117111,8
811111111111, 18

Diluvio 1111111, 8

Diluvio 111, 8

8111111111 necessarium 18
8111111181 1, 18

. 8111111181 18

8111111111 ii, 8
8111111111 11 18
811111111οηὶ811“’ 111, 18
8111111111,7
811111111111,8. 111, 88

811111111ιί(31111.)111,18.11188
Dimicovoruntx, 88
811111111111118

8111111111, 18

8111111111, 8

 

