M

11818111 1111, 9. 11, 88. 111, 81
11118111 1, 81. 11, 18

118111 x. 84

sehero xii, 88

118111, 88. 88

11111 111, 8

1181181181 111, 18

1181181111. 14. 111, 87
1111111111 11, 8

1111111111 11, 1

11111811 111, 84

1118111111 (subet.) 1, 7
Iactantia 111, 1

sectantium 1, 14

118111111, l

1111111181 v, 18

1111111111 18

11811111 1, 88. 11, 8

Iactet 1, 1

1181111111, 1. x, 84

11811118 11, 89

1181118111 111, 81

11111111 xii, 7

111111 11

11111881 111, 8

111111 8

11111111 11, 18

sector xii, 8

11111118 1, 18

11118111 1, 11

Iacturam iii, 1

111118 (subet.) 1, 89
Iacuerunt v, 18

seculis xii, 88

1188181818 88

,1118 11, 8. 8. 18

Iamdudum 1, 8. 87. 11, 8
1181118881 1, 8. 18
1118811888 1. 111, 7. 11, 8. 8. 88
11811818 1,8

seniculum 111, 9

11111181 1, 8. 17

1111111 1111, 9. 111, 88

1811111, 88
, 118118 111, 9

dham ii, l

Iberum xii, 19

Ibi iii, 1818. 11, 8. 8. 81. 11, 18. 111,
Ibidem ii, 18

Ibo 8

Ictibus 1, 88

Ictu 84

11111, 8. 8. 8.11. 111, 8. 14. 11, 7

18 loci vi, 7 id tempode viii, 8
Idcirco 11, 8. 9. 1, 18. 111, 9. 89. 41
18118 (masc.) 11, 14. 111, 7. 11, 7.1,18.

11, 8. 14. 111, 4. 8. 11, 7. 19. (nent.)
ii, 8. 11, 19

11191111 n<

Identidem 11, 19. 14. 11, 18
1818118. 11, 11. 111, 11. 11, 18. 88
Ideoque iv, 8. 111, 88

18111 11, 19

1811111181 11, 8. 111, 18. 11, 18. 111,
1888881811, 8. 11, 17

188111,7

181181 111, 40

Jejuno 88

1811181118

1311111 11, 1. 8. 8

138111 11, 4. 1111, 8. 11, 8

138118 11, 17

13811111, 18. 1, 9

1381111 11, 14. 1, 9

¹ 13811111 1, 88

13811118 1, 8. 11, 17
1381181 111, 88
1381111, 18. 111, 88

’ 138111117

138118 111, 8

138181 1, 81. 111, 48

138111, 18

1β11137. 3114

13818111 11, 8

13811 xii, 88

1388811118 111, 19

1311881111 88

1388888111 1, 18

1388111111, 14

13118111 111, 11. 11, 18. 88

1388111111 1, 88

13881811, 1. 18

13881811 1111, 8. ix, 88

Ignosce 1, 9. 1, 18. 19

138811181811, 18

Ignoscere vii, 88. 1, 9

1381111111ίί, 18

1311811881 11, 9

13118111 11, 18

Ignovit 11, 11

1111, 8. 1, 17

88818888

Iisdem 111, 4

111881811111, 8

1111 (11113.) 11. 8. 8. 7. 8. 11. 18.14.
111, 8. 111, 84. 88. 87. (plur.) 11, 8.
111, ²· ⁶· 61 91 19

1111181111 11, 88

Illncrymme 1111, 7

11111 111, 18

111118 11, 1. 7. 9. 111, l. 18. 11, 8. 111,

1111111, 7. 11, 8. 111, 88

Ille ii, 4. 9. 1818. 111, 87. 88

1111811111 11, 81 ’

1111881111 11, 18 ’

1111 (1113.)11,ι. 9. 1811. iii, 1. 11.

 

