lii

60110100 1, 1

61110000 11, 11

6100011000 iii, 17

curio 111, 11

6110111119

61ιά1110111 (1110100000 111, 16

61ιά1110111 16

61111111,11.11.11.1,10

6111111116.11.11,11. 111, 10

6111110 111, 18. 19

6110110111, 0. 11. 10. 11, 11

6111110ιο 111, 11

6111110111,11.11.111,11.18

clusi· xii, 18

61101111,17

6101110 11, 1

610110 111, 16

Glomoruutur xii, 11

610111 ii, 0. 111, 19. 11,1.11.11,10.
1,16. 111, 10

6101116101011,11

Gloriae 11, 2· iv, 9· '9⁶' 11)· 711, ⁸·
1111, 1. 11, 16. 1,11. 17. 11, 1, 6.
11.11. 111, 11. 11

Glorim 1113· ⁴· 80 iv, ⁸· ¹⁴⁸ Ι, ¹⁴·
17. 11, 1. 111, 11. 11,11. 1,17.11.
0111111

610111οᾶ010 1, 17

6101100111

6101101111

Gloriururu templu 11, 6 gradibus ir,

6101111111, 16. 11, 8

61011111 111, 11. 111, 1

6101111101 11,1

610111111111,1

Gloriatur ix, 19

Gloriatur 1, 16

6101111 triumphalibus 1, 16

61011011 11, 11

61000011111,0

6101101110 111, 6. 111, li

Glorioso (101.) 11, 1

6101101111110111, 1

Gloriosus 16. 19

Gomphensium 11, 6

Gomphoi (ib.) iii, 17

Gothi (plur.) 1, 11

Gotho 10

Gothorum iii, 17. 111, 1

(iothor 111, 11

600101 11. 01

61100111 11, 11

Grudihuu 111, 10. 111, 1. 11, 16

611010 111, 7. 111, 1. 11, 16. 1, 16. 10.
11. 11, 10. 1111016

rumix 111

6111111, 11

6111011 11, 7. 11, 11. 11, 0

Gracia 11,1

6111011111 1, 18

6111001111, 10

61000101 11, 6

6111010001 111, 16

6110011001 11, 11

6110011011 1, 1

6110111001 11, 6

6110100601 iii, 16

Gran 1., 4. vii, ro. 11. x, 11

Gruter 111, 19

61111 xi, 10. 11

Gratia vii, 16. 1,1. 11. 11. 15. 11, 11.
⁸⁰· ⁸¹! ὤ, q· ῃ

611111 ii, 1. 11, 1. 1,1. 16

Gntim Vi, 1⁸· Χ, ιο ²⁶· 371 ἡ, w·
111, 11. 11

61111101 111, 11

Gratiani 11. 18

Gratianus 18

6111111 11, 1. iii, 1. 11, 1. 111, 11. viii,
1.5.7.11,1.1.111.111,1

Grutificomiui 11, 11

(1111110νὶ116

611110111ὶί, 16. 1,6

Gratissima 1, 17

Gratissimum vii, 7

611101 viii, 11

6111011110 11, 11

Gratuita (101.) 11, 11

Grutulubumur 11, 1

6111011611011111,1

6111011011οω 1, 11. 1,17

Grumluuteo 111, 1

611101101οι· 1, 18

6111111110 111, 11

6111011111, 6. viii, 11

6111011110 viii, 9. ix. 1. 7. 1, 10

61110110οο1 11, 0. 1111, 1

6110111ῐί000ιο viii. 10

6111011600011, 1. 01

Grutuiutioui 10

6111011110001, 1. 11, 1. viii, 1

Grutulutur 1, 0. 111, 16

Gratulatus ii, 7

6111010111 11, 2

Graium 11, 17

61111111 xii. 11

6111110 viii, 11. 1, 8

(11111101 11, 11

6111110111

61111 111, 10

6111110 1, 16

6111011111, 11

6110001116. x,1o.1o. xi, 17. 10. 6111011,11.10.11,11.111,10

10. 111, Salo. 11. 17
6110011, 17

61111111, 10
61111101 1, 11

 

