PANuovntuos VETERES.

Sociale elementum 111, 2

80111111 (0001.) viii, 8

Sociorum 111

8001011110 1117

Societatem 1 10. 11148

8001011111 1, 18

8011111111, 8. 112

8001001 119

800101111114

Socratis 11, 18

801 ii, 8. 1, 2. 4. vi, 14. 111, 0. 11, 22

8011 (1811100.) 1,1.10. 11, 11. 1111,
7. 1121· 1, 4. 11, 7. 8. (01111.)11,7.
111, 12. 1111, 12. 1117

8010 111, 19 ’

801101 ii, 12. 11, 18. 1, 11. 111, 18

801101010 xii, 18

8011117

8011111112

8011111111, lt ’

8011111010 11, 16. 11124

8011101 xii, 12

8010811, ¹6· 8Χ1Ἇ41 388) 221831 8⁹

8010101 x, lt '

80101111 1117

8010111111 44

111001111011.1111112111

80111001111, 21 ’

801100011, 10

801000111, l. 11117

8010001111, 29

80100011111, 19. 11, 21

80100117

80101011, 18 ,

80101101 101001111, 44

8011111114

8010111, 8. 11, 10. 125

8011(101111.)111,9. 22. 1111, 8. 1, 8.
(adj. sing.) viii, 8. ix, 4. 111, 6.
(plur.) 111, 9. 18. 1, 11. 11, 14. 1111,
8. 111, 7.’ 25

80111101 perurendum viii, 8

80110111 (0010. ring.) 1, 1

8011011110 116

801101110801 111, 16

80110101 (0010.) 1112 “

solicitatis (00111.) 1, 12

801101111011111 15

801101111010011111, 4

80110110 (181.) 118 ,

80110111 (plur.) xii, 44

8011011011

801101108100 ii, 8. 111, 20 ¹

solicitudinem 11, 8

801101108101111, 8

8011011001 111, 82 ’

, 80110110111,11

801180(0101.)9 ,

8011811 viii. 10 v ·

CXV

80118110111 ’ -

8011811111 1110

Solido imperio 1, 20 auro xi, 11

Solio 11, 28. 28. 111, S. 18

80111 (101111.) 111, 8. 9. 18. 11, 18. 1, 4.
111, 9. 111, 28 0001801 ii, 2. (adj.)
1,18. 111, 8. 19. 111, 21

801111 (sing.) ii, 5. 11111. 111, 12. 1,

solitarium 1118

8011811118

Solito (0001.) 111, 18. (181.)1 1

Solitudinem viii, 8. 11, 10

80111081001111, 5. 25

solitudinum 001101 1,9 y

80111080111, 21

Solitum x, 11. 119

8011101 ix.1

8010 (101111.) 1, 8. 22. 11, 28. 11122.
(adj.) 11, 12. 1, 5. 1120. 1, 11. xi,

80101 111, 9. 118

801100811111,14 ’

Solverat 1,7

Solveret 1111011, riptoqne defringeret
00010018

80111101 116

801010 (οο01. adj.) ix, 14. 1, 28. 11,
82. 111, 80. (181.) 11, 812. 11, 4.9.
15. v,s.18. 111110

8010111, 8. 11, 21. 11, 1. 12. 11, 22. x.
’18.29. 11, 11

80101111111110 1, 2 nobilitas 81 tegibus
1111111, 12

Solutum et perditum disciplinari 10101·
1011111112

8010111114

Soluto 117

8011110101 111, 8

Somniorum 89

Somno xi, 14

80011129

8001100126

8001101(1111“11.) ii, 2. 11,9. 1101

sonora 101110 10011101 famu 11, l

8000111101111001 x, 80

80001112

Sopitam malorum memorium 1, 8

8011110115 '

Sorbuerit xii, 28

80111001οη111, ll

sorbuisti ix, 18

80180124 ¹

sordidissimum xi, 19 ”

8018180 20

8018180100] iii,6 , ,

Sordidus iv‚2 ,, ,

Sors xii, 11 ·

³³ 80110 ““, 9. Ι11, 111 1110. 1, 8. 111, 10. 22

 

