’11111

0111111111 111, 11. 1114. 1, 8

Cerno 1111 , ⁸·

01111111. iii, 11. 19. 1,1. 11117.
1, 1. 4. xii, 18. 41

0111111111,8.1,16

Certamen 1, 8. 1111114 lubricum
1111111111.21

(18711111111111181 71111 ⁸· 13ιῦ

011111111ὺωί1, 1. 11, 11

Certamini· x.2⁰

0111111111 1111 ’

Ceremiam

0111111111

0111111111.

0111111111,11 ·

011111111111, 16

Cenem 1,1

0111111111 11, 12. 11118. 11, 7. 11, 14

0111111111 11, 11

eeneii, 11. 111, 2. 1. 1, 2⁰. 11, 9.
111,9.11. 21. 1111, 12. 11, 26. 1, 2.
10. 15. 11145

011111124

certiore xii, 8

0111111111. 1118

Certissima xi, 16. 111, 11

Certissima 1117

0111111111 11, 9

01111111 (nom.) 11, 9. 111 (adv.) x, ll

, 0111011811141. 42

Certum iv, 1. 11, 1. 111111. 1, 21. 111,

cervice 118

0111111111 xii, 41

011111111116. 18 x

0111111111 116

0111111111, 12

01111111 1, 29

01111111, 12

0111111111 1,7

01111111 11, 16

0111111111 11, 11

0111111111, 16. x, 14

ι0111111116

0111111111. xii, 21

0111111, 29

008111 831 fii, ⁴⁵

0111111111

ΘΕῘΕΓΕ(Ρ1111“1)11,31 111,191 iv, ⁸· Νι
Vi, 11 viii, 8· 61 'iit 1⁵

0111111 111, 19

Ceterarum&

cmm, Ἦ 0

Ceteri 1118. 1, 4. 116. 11111. 11,
17. 1, m. 11, 19

Ceteris iii, 5. 9.’ 11, 17. 11 19. viii, 2.
71 11, 11171 ¹, 51 161 1 tiene ¹²·
xii, 4. 7. 19. 16. 28. 11. 11

01111118

lum IN

Ceterorum 1116. 11, 24

0111111111.1,11.17 -

Ceterum (1111111111. 11121. 111, 41

0111110111 111

0111111011,18

0111111111 1,9

0111110111 viii, 12

charissimum 11, 1. 7

Chffl’itflte 11119171 viiia· ¹

0111111111 iii, 19. 1111

01111111111124

Charybdim 111, 11

Cheruscos x, 18

01111111111

Cibis 14

Cibo 11, 11. xii, 11

0111111111 111, 1. 46

0111111111111111, 1

cicerones 111, 46

ciendo 11, 11

01111111, 21

01111111114

0111111128

cinnamo

0111111101 111, 46

Circa ii. 11. 11. 111, 9. 111, 12

01111111

Circo 11, 7. 111

circuiret ix,6

0111111111, 11

circulatim

01111111(1111111.) vii, 22 (1111.)11,11

Circumcisus 11,1 ’

011111111111111111, 17

Circumdabor 47 ,

0111111111 111, 21

011111111111111111 x, 11

01111111111111· 111, 18

circumflexe 1, 16

011111111111,ῦ

Circumfusa iv, 18. 1, 11. 11, 19

011111ωή111 11, 19

Circumfusa· 111. 12

circumjecta iii, 11

Circumscribenda 1, 2

0111111111111111111,1.11 ·

eircummli iv, 16

circumventa 1, 1

0111111111111

circumventus xii, 1

01111, 14 11111111111111111, is

0110(1(11.) 11111. 12. 11, 6. 11. 111,
8.1111,19.11,1.19

01111111, 16. 11119

0111111 2. 12.,111, 27

0111111111, 4. 11. 19. 111,· 92

011111 xi, 24

0111111111, 15. 11, 1. 111, 46

011111 11, 8.”26. 21: 11147 ·

 

